Environment:
  ClearColor: [0, 1, 1, 1]
Entities:
  - Entity: 752832027556229489
    Name: Camera
    Tag: MainCamera
    Canis::RectTransform:
      active: true
      position: [0, 0]
      size: [32, 32]
      scale: [1, 1]
      originOffset: [0, 0]
      depth: 0
      rotation: 0
    Canis::Camera2D:
      position: [0, 0]
      scale: 1
  - Entity: 4565708369290017478
    Name: Circle
    Tag: ""
    Canis::RectTransform:
      active: true
      position: [0, 0]
      size: [64, 64]
      scale: [1, 1]
      originOffset: [0, 0]
      depth: 0
      rotation: 0
    Canis::Sprite2D:
      color: [1, 1, 1, 1]
      uv: [0, 0, 1, 1]
      TextureAsset:
        uuid: 14778330599421933417
  - Entity: 8958296995334191509
    Name: Ball
    Tag: ""
    Canis::RectTransform:
      active: true
      position: [-71.85695, 146.36299]
      size: [32, 32]
      scale: [1, 1]
      originOffset: [0, 0]
      depth: 0
      rotation: 0
    Canis::Sprite2D:
      color: [1, 1, 1, 1]
      uv: [0, 0, 1, 1]
      TextureAsset:
        uuid: 10819762428735356505
    BallMovement:
      direction: [0.89442724, 0.44721362]
      speed: 100
      randomRotation: 0
  - Entity: 1887228533441049087
    Name: Ball
    Tag: ""
    Canis::RectTransform:
      active: true
      position: [-64.85695, -64.88043]
      size: [32, 32]
      scale: [1, 1]
      originOffset: [0, 0]
      depth: 0
      rotation: 0
    Canis::Sprite2D:
      color: [1, 1, 1, 1]
      uv: [0, 0, 1, 1]
      TextureAsset:
        uuid: 10819762428735356505
    BallMovement:
      direction: [0.89442724, 0.44721362]
      speed: 100
      randomRotation: 0